4294967294,578
4294967294,577
4294967294,1089
4294967294,1088
4294967294,81
4294967294,639
4294967294,638
4294967294,637
4294967294,636
4294967294,635
4294967294,634
4294967294,633
4294967294,632
4294967294,631
4294967294,630
4294967294,629
4294967294,628
4294967294,627
4294967294,626
4294967294,625
4294967294,624
4294967294,623
4294967294,622
4294967294,621
4294967294,620
4294967294,619
4294967294,618
4294967294,617
4294967294,616
4294967294,615
4294967294,614
4294967294,613
4294967294,612
4294967294,611
4294967294,610
4294967294,609
4294967294,608
4294967294,607
4294967294,606
4294967294,605
4294967294,604
4294967294,603
4294967294,602
4294967294,597
4294967294,596
4294967294,595
4294967294,594
4294967294,593
4294967294,592
4294967294,591
4294967294,589
4294967294,588
4294967294,587
4294967294,586
4294967294,585
4294967294,584
4294967294,582
4294967294,590
4294967294,581
4294967294,580
4294967279,0
7,6
7,5
4294967294,1030
4294967294,1029
4294967294,1028
4294967294,1027
4294967294,1025
4294967294,1038
4294967294,63
4294967294,62
4294967294,61
4294967294,60
4294967294,57
4294967294,56
4294967294,55
4294967294,54
4294967294,50
4294967294,35
4294967294,34
4294967294,33
4294967294,32
4294967294,31
4294967294,30
4294967294,23
4294967294,22
4294967294,21
4294967294,7
4294967294,6
4294967294,8
4294967294,59
4294967294,58
4294967294,1037
4294967294,1036
4294967294,1034
4294967294,1035
4294967294,1031
4294967294,1033
4294967294,14
4294967294,13
4294967294,12
4294967278,0
4294967294,20
4294967294,19
4294967294,18
4294967294,5
4294967294,1024
4294967294,1032
4294967294,1026
4294967294,53
4294967294,52
4294967294,51
4294967294,49
4294967294,48
4294967294,47
4294967294,45
4294967294,44
4294967294,453
4294967294,1023
4294967294,1016
4294967294,1015
4294967294,1014
4294967294,1013
4294967294,1012
4294967294,1010
4294967294,1008
4294967294,1007
4294967294,1006
4294967294,1005
4294967294,1004
4294967294,1003
4294967294,1002
4294967294,1001
4294967294,1000
4294967294,999
4294967294,998
4294967294,997
4294967294,996
4294967294,995
4294967294,994
4294967294,993
4294967294,991
4294967294,960
4294967294,1019
4294967294,471
4294967294,473
4294967294,952
4294967294,951
4294967294,950
4294967294,949
4294967294,948
4294967294,947
4294967294,446
4294967294,445
4294967294,444
4294967294,443
4294967294,434
4294967294,433
4294967294,431
4294967294,429
4294967294,428
4294967294,427
4294967294,424
4294967294,423
4294967294,435
4294967294,895
4294967294,894
4294967294,893
4294967294,892
4294967294,891
4294967294,890
4294967294,889
4294967294,888
4294967294,887
4294967294,886
4294967279,260
4294967278,342
4294967278,339
4294967294,383
4294967294,382
4294967294,381
4243767283,0
4294967278,324
4294967278,323
4294967278,322
4294967278,321
4294967278,320
4294967278,338
4294967278,337
4294967294,831
4294967294,830
4294967294,829
4294967294,828
4294967294,827
4294967294,826
4294967294,825
4294967294,824
4294967294,823
4294967294,822
4294967294,821
4294967294,820
4294967294,819
4294967294,818
4294967294,817
4294967294,816
4294967294,815
4294967294,814
4294967294,813
4294967294,812
4294967294,811
4294967294,810
4294967294,809
4294967294,808
4294967294,807
4294967294,806
4294967294,805
4294967294,804
4294967294,803
4294967278,260
4243767290,0
4243767282,0
4294967278,256
4294967278,319
4294967278,318
4294967278,317
4294967278,316
4294967278,315
4294967278,314
4294967294,767
4294967294,766
4294967294,765
4294967294,764
4294967294,763
4294967294,762
4294967294,761
4294967294,760
4294967294,759
4294967294,758
4294967294,757
4294967294,756
4294967294,755
4294967294,754
4294967294,753
4294967294,752
4294967294,751
4294967294,750
4294967294,749
4294967294,748
4294967294,747
4294967294,746
4294967294,745
4294967294,744
4294967294,743
4294967294,742
4294967294,741
4294967294,740
4294967294,739
4294967294,738
4294967294,737
4294967294,736
4294967294,735
4294967294,734
4294967294,733
4294967294,732
4294967294,731
4294967294,730
4294967294,729
4294967294,728
4294967294,727
4294967294,726
4294967279,174
4294967294,703
4294967294,702
4294967294,701
4294967294,700
4294967294,699
4294967294,698
4294967294,697
4294967294,696
4294967294,695
4294967294,694
4294967294,693
4294967294,692
4294967294,691
4294967294,690
4294967294,689
4294967294,688
4294967294,687
4294967294,686
4294967294,685
4294967294,684
4294967294,683
4294967294,682
4294967294,681
4294967294,680
4294967294,679
4294967294,678
4294967294,677
4294967294,676
4294967294,675
4294967294,674
4294967294,673
4294967294,672
4294967294,671
4294967294,670
4294967294,669
4294967294,668
4294967294,667
4294967294,666
4294967294,665
4294967294,664
4294967294,663
4294967294,662
4294967294,661
4294967294,660
4294967294,659
4294967294,658
4294967294,155
4294967294,153
4294967294,152
4294967294,148
4294967294,147
4294967294,145
4294967294,141
4294967294,140
